0 0.957084 0.310483 0.046425 0.060100
0 0.306682 0.019003 0.043171 0.038007
1 0.251712 0.252565 0.205110 0.300959
0 0.182900 0.043551 0.039365 0.048732
1 0.769950 0.515827 0.204379 0.263766
1 0.601487 0.216439 0.208190 0.278006
1 0.075884 0.598871 0.112257 0.103437
0 0.581818 0.541079 0.020454 0.055325
0 0.624621 0.512310 0.021212 0.050899
0 0.543182 0.437621 0.034091 0.040940
0 0.659091 0.471923 0.026515 0.058645
0 0.656439 0.414177 0.034848 0.059751
0 0.473106 0.427524 0.037879 0.017704
0 0.375000 0.582988 0.021970 0.038728
0 0.720076 0.731812 0.018182 0.050899
0 0.805682 0.733472 0.043939 0.054219
0 0.790530 0.782158 0.036364 0.036515
0 0.771212 0.812033 0.041667 0.043154
0 0.702652 0.826418 0.057576 0.045366
0 0.773106 0.904979 0.025758 0.060857
0 0.925758 0.944260 0.021970 0.033195
0 0.955303 0.964730 0.047727 0.034302
0 0.900379 0.875104 0.018182 0.052005
0 0.874242 0.827524 0.034091 0.067497
0 0.918182 0.804288 0.023485 0.032089
0 0.923106 0.104426 0.016667 0.050899
0 0.747348 0.024758 0.054545 0.028769
0 0.063258 0.162517 0.037879 0.040941
0 0.195076 0.366113 0.045455 0.029876
0 0.396591 0.411480 0.030303 0.043153
0 0.401894 0.387690 0.021212 0.046473
0 0.417424 0.373859 0.018939 0.043153
0 0.403030 0.276487 0.009849 0.058645
0 0.385985 0.268188 0.019697 0.039834
0 0.353409 0.750622 0.024242 0.035408
0 0.058333 0.952006 0.026515 0.035408
0 0.025000 0.929322 0.025000 0.029876
0 0.093939 0.825311 0.029545 0.060857
0 0.134470 0.823098 0.016667 0.029875
0 0.246591 0.855740 0.018182 0.044260
0 0.190909 0.710235 0.032576 0.021024
0 0.211742 0.625035 0.015151 0.045366
0 0.199621 0.547026 0.019697 0.039834
0 0.159091 0.517704 0.026515 0.054219
0 0.140530 0.605118 0.031818 0.032088
0 0.295455 0.471231 0.028030 0.045367
0 0.437500 0.514385 0.021212 0.052005
0 0.544318 0.774412 0.036364 0.025450
0 0.573106 0.716874 0.016667 0.049793
0 0.491667 0.574136 0.020454 0.034302
0 0.625379 0.456847 0.019697 0.036515
0 0.823106 0.192946 0.022727 0.033195
0 0.713258 0.244398 0.030303 0.040941
0 0.740530 0.346750 0.022727 0.044260
0 0.690530 0.041909 0.016667 0.045367
0 0.815909 0.029184 0.032576 0.037621
0 0.905682 0.033057 0.028788 0.043154
0 0.917803 0.720747 0.015151 0.046473
0 0.888258 0.620055 0.034848 0.039834
0 0.860606 0.620055 0.021970 0.042047
0 0.882955 0.694191 0.033333 0.039834
0 0.587879 0.648824 0.038636 0.028769
0 0.660606 0.651037 0.025000 0.035408
0 0.523485 0.960858 0.031061 0.046473
0 0.558333 0.902766 0.021970 0.043154
0 0.537500 0.898340 0.015152 0.036515
0 0.512879 0.878976 0.023485 0.053112
0 0.414773 0.733472 0.028788 0.036514
0 0.401515 0.777732 0.023485 0.040941
0 0.290909 0.681466 0.025000 0.040941
0 0.274242 0.708022 0.029545 0.023237
0 0.251515 0.730152 0.031061 0.040941
0 0.245833 0.479530 0.018182 0.050899
0 0.338258 0.337898 0.018182 0.039834
0 0.130682 0.945920 0.013636 0.032089
0 0.125000 0.968603 0.020455 0.033195
0 0.195076 0.887828 0.013636 0.033195
0 0.185985 0.834716 0.021212 0.037621
0 0.237879 0.767220 0.018939 0.033195
0 0.625000 0.751176 0.034091 0.040941
0 0.656061 0.701936 0.031061 0.030982
0 0.454924 0.654357 0.019697 0.044260
0 0.854545 0.914938 0.025000 0.049793
0 0.868939 0.901107 0.017424 0.048686
0 0.901894 0.932642 0.013636 0.045366
0 0.915530 0.985961 0.018182 0.028077
0 0.765530 0.982088 0.033333 0.035823
0 0.746212 0.826971 0.018939 0.037621
0 0.710227 0.769433 0.025758 0.048686
0 0.575000 0.809267 0.014394 0.035408
0 0.590530 0.748963 0.015151 0.047579
0 0.840530 0.425311 0.019697 0.057538
0 0.873485 0.157538 0.035606 0.030982
0 0.823106 0.121024 0.031818 0.035408
0 0.559848 0.090595 0.020454 0.049793
0 0.536364 0.111065 0.025000 0.048686
0 0.504167 0.073997 0.025758 0.045367
0 0.483712 0.013485 0.050000 0.026971
0 0.496970 0.148133 0.021970 0.040940
0 0.460227 0.111065 0.027273 0.055325
0 0.428409 0.202351 0.015152 0.043154
0 0.479167 0.223928 0.033333 0.042047
0 0.384470 0.215629 0.036364 0.036515
0 0.404545 0.153112 0.015909 0.019917
0 0.432576 0.087829 0.020455 0.048686
0 0.422348 0.113831 0.019697 0.036515
0 0.398864 0.082849 0.018182 0.036515
0 0.133333 0.252144 0.031061 0.029876
0 0.140909 0.667635 0.011364 0.035408
0 0.301515 0.620609 0.026515 0.047580
0 0.545076 0.708022 0.024242 0.067497
0 0.525379 0.513831 0.027273 0.044260
0 0.494697 0.365007 0.029545 0.038728
0 0.451136 0.299723 0.027273 0.038727
0 0.304924 0.748963 0.039394 0.043153
0 0.387121 0.481189 0.029545 0.034302
0 0.057955 0.224481 0.039394 0.029876
