0 0.857248 0.910750 0.045861 0.066140
0 0.196588 0.365324 0.042481 0.055151
0 0.564283 0.087798 0.037028 0.060500
0 0.957084 0.310483 0.046425 0.060100
0 0.776727 0.907274 0.040217 0.068603
0 0.705357 0.823789 0.047549 0.056628
0 0.842153 0.426653 0.042505 0.053244
0 0.341319 0.337413 0.044873 0.053836
0 0.744072 0.025856 0.049444 0.051712
0 0.627384 0.514104 0.035959 0.050484
0 0.536171 0.117208 0.035669 0.047760
0 0.759546 0.823197 0.044235 0.057861
0 0.587235 0.544706 0.038335 0.059844
0 0.497691 0.158813 0.043963 0.061594
0 0.742224 0.346981 0.048373 0.064152
0 0.925150 0.099353 0.034825 0.047347
0 0.541385 0.444118 0.043901 0.052584
0 0.915423 0.801453 0.039867 0.054104
0 0.406176 0.384709 0.044593 0.058920
0 0.367820 0.309569 0.043832 0.063935
0 0.474495 0.021003 0.039901 0.042005
0 0.815719 0.440924 0.043980 0.053766
0 0.522028 0.895343 0.039557 0.059818
0 0.819745 0.199678 0.045347 0.063137
0 0.198020 0.701766 0.038263 0.047598
0 0.794987 0.787915 0.041611 0.054047
0 0.129444 0.963557 0.042131 0.069283
0 0.796872 0.573221 0.035570 0.047813
0 0.616603 0.883480 0.042293 0.056954
0 0.656853 0.471414 0.041114 0.055099
0 0.580805 0.811133 0.040965 0.051987
0 0.742216 0.191556 0.041268 0.047498
0 0.306682 0.019003 0.043171 0.038007
0 0.506522 0.083145 0.044664 0.059454
0 0.398255 0.411268 0.035312 0.043155
0 0.472719 0.222838 0.039831 0.058011
0 0.723433 0.737994 0.034455 0.049270
0 0.065254 0.162067 0.043369 0.059399
0 0.350060 0.223551 0.034002 0.050738
0 0.811786 0.891971 0.043139 0.061579
0 0.441581 0.514780 0.036456 0.050521
0 0.065216 0.570811 0.036433 0.047316
0 0.750769 0.570933 0.034312 0.048895
0 0.100479 0.824275 0.038960 0.056928
0 0.248084 0.862610 0.037554 0.054149
0 0.633046 0.337657 0.037053 0.047762
0 0.662011 0.426063 0.038477 0.049496
0 0.458547 0.295929 0.041790 0.058665
0 0.819525 0.026776 0.043849 0.053552
0 0.926398 0.841858 0.035180 0.045369
0 0.202870 0.555002 0.046952 0.058421
0 0.040870 0.585818 0.042229 0.052696
0 0.639032 0.093818 0.037416 0.055518
0 0.828303 0.798472 0.043169 0.065748
1 0.251712 0.252565 0.205110 0.300959
0 0.562698 0.503867 0.042848 0.071020
0 0.097676 0.947311 0.042656 0.057365
0 0.359335 0.395089 0.046458 0.055105
0 0.182900 0.043551 0.039365 0.048732
0 0.683106 0.071425 0.039684 0.060141
0 0.208723 0.631582 0.037013 0.053200
0 0.955942 0.697211 0.042247 0.055998
0 0.504528 0.595060 0.057947 0.079208
0 0.616201 0.033099 0.042208 0.066198
0 0.778498 0.744900 0.041366 0.058685
0 0.056395 0.956904 0.045468 0.052678
0 0.667226 0.128626 0.043006 0.061599
0 0.873960 0.771460 0.037171 0.052488
1 0.769950 0.515827 0.204379 0.263766
0 0.876781 0.844117 0.047532 0.057467
0 0.875551 0.162252 0.037758 0.049456
0 0.710259 0.245185 0.039037 0.052945
0 0.599468 0.667220 0.044922 0.065004
0 0.247746 0.365580 0.037847 0.053208
0 0.357317 0.766595 0.042721 0.053997
0 0.303472 0.636369 0.040874 0.067715
0 0.035623 0.133610 0.039764 0.053058
0 0.595217 0.278396 0.042044 0.056621
1 0.601487 0.216439 0.208190 0.278006
0 0.377789 0.694888 0.039685 0.059908
0 0.796211 0.134734 0.037761 0.051767
0 0.921748 0.028005 0.029867 0.056010
0 0.760508 0.975090 0.045143 0.049821
0 0.905223 0.028493 0.038697 0.052528
0 0.715289 0.075780 0.037376 0.052990
0 0.754684 0.441778 0.050999 0.075848
0 0.397513 0.807999 0.034893 0.052688
0 0.488648 0.446681 0.033197 0.050538
0 0.875422 0.902650 0.028175 0.051628
0 0.522336 0.402867 0.038316 0.054989
0 0.411400 0.741761 0.043948 0.064363
0 0.308721 0.757103 0.035077 0.044842
0 0.828859 0.847790 0.043663 0.054449
0 0.659406 0.697613 0.040009 0.053277
0 0.410821 0.517688 0.041041 0.053081
0 0.755612 0.286290 0.046571 0.067951
0 0.709278 0.034225 0.037658 0.063692
0 0.525171 0.956477 0.037031 0.060661
0 0.075991 0.955086 0.037855 0.056963
0 0.070781 0.178754 0.065206 0.086363
0 0.692221 0.039587 0.040970 0.075702
0 0.974191 0.973126 0.041984 0.053747
0 0.240489 0.378900 0.039614 0.029535
0 0.623471 0.460908 0.036530 0.052183
0 0.705567 0.758022 0.035010 0.050266
0 0.725291 0.809046 0.034399 0.058843
0 0.689750 0.461835 0.036006 0.057002
0 0.932925 0.042876 0.035700 0.045099
0 0.238114 0.627930 0.033816 0.053574
0 0.952915 0.960034 0.037763 0.058444
0 0.325643 0.226287 0.029914 0.045465
0 0.301590 0.492449 0.043362 0.058622
0 0.022965 0.950054 0.045388 0.064227
1 0.140342 0.652124 0.218013 0.301429
0 0.388050 0.262025 0.032713 0.044561
0 0.460524 0.124277 0.054360 0.069062
0 0.732977 0.240718 0.027211 0.056226
0 0.906783 0.678554 0.039771 0.061371
0 0.424328 0.319721 0.035183 0.046529
0 0.804888 0.726918 0.054582 0.065554
0 0.030828 0.855494 0.044943 0.058622
0 0.766823 0.040849 0.033822 0.043489
0 0.914981 0.979340 0.045812 0.041321
0 0.840138 0.024062 0.031966 0.048124
0 0.686845 0.182988 0.038814 0.056850
0 0.683452 0.863827 0.040660 0.051272
0 0.599927 0.559030 0.041070 0.051990
0 0.817822 0.547954 0.035467 0.050662
0 0.929027 0.943614 0.041107 0.061971
0 0.613639 0.807149 0.036567 0.049936
0 0.925280 0.723550 0.035358 0.048367
0 0.632480 0.051542 0.031640 0.039270
1 0.129238 0.284755 0.213280 0.285823
0 0.278777 0.429429 0.046925 0.054940
0 0.957354 0.965166 0.070222 0.069667
0 0.046995 0.146338 0.038733 0.056303
0 0.889781 0.898984 0.033141 0.050351
0 0.883687 0.698940 0.039155 0.051534
0 0.796198 0.224974 0.036716 0.049128
0 0.387488 0.408675 0.044363 0.061662
0 0.916258 0.756138 0.039528 0.046719
0 0.665154 0.916697 0.033732 0.049835
0 0.161693 0.898126 0.037251 0.048703
0 0.216248 0.437450 0.036611 0.058565
1 0.535919 0.285433 0.199644 0.322510
0 0.297669 0.469318 0.038233 0.057900
