0 0.612120 0.332532 0.043848 0.079668
0 0.196083 0.905878 0.044225 0.078729
0 0.051210 0.325963 0.044586 0.095124
0 0.739580 0.169175 0.045574 0.064579
0 0.889101 0.630971 0.048799 0.064612
0 0.371718 0.732993 0.044993 0.081951
0 0.429280 0.137314 0.047996 0.073734
0 0.214493 0.093931 0.036614 0.067340
0 0.283704 0.128709 0.044229 0.081612
0 0.188974 0.408404 0.047797 0.066779
0 0.679817 0.632374 0.043393 0.063702
0 0.658918 0.163901 0.055125 0.072499
0 0.316154 0.240821 0.039342 0.082371
0 0.395470 0.187377 0.042285 0.063359
0 0.325288 0.934577 0.065049 0.084056
0 0.946692 0.841010 0.044172 0.088082
0 0.517071 0.889872 0.052087 0.083299
0 0.082163 0.265273 0.041044 0.082750
0 0.101939 0.051359 0.036251 0.069795
0 0.435333 0.356324 0.048004 0.071567
0 0.658748 0.476736 0.050873 0.062635
0 0.714330 0.777595 0.041689 0.079902
0 0.137911 0.431193 0.036708 0.065252
0 0.452489 0.283381 0.044682 0.078964
0 0.606900 0.566318 0.048885 0.107013
0 0.986120 0.876156 0.027761 0.062142
0 0.019775 0.973265 0.039550 0.053469
0 0.391494 0.287593 0.044874 0.072836
0 0.915973 0.160940 0.047147 0.080556
0 0.880242 0.368569 0.043278 0.065020
0 0.178013 0.267272 0.041479 0.071299
0 0.060366 0.964113 0.040437 0.059131
0 0.488732 0.691266 0.039336 0.076256
0 0.735536 0.623467 0.054205 0.094671
0 0.568414 0.607533 0.041418 0.067551
0 0.134000 0.032212 0.043519 0.064424
0 0.680392 0.536560 0.047865 0.075175
0 0.671608 0.814348 0.047141 0.099004
0 0.432907 0.464989 0.043701 0.073611
0 0.189813 0.864613 0.050391 0.071794
0 0.802887 0.078656 0.044802 0.068439
0 0.964542 0.704105 0.052592 0.107015
0 0.963399 0.897292 0.035490 0.059170
0 0.824989 0.808275 0.039431 0.064802
1 0.532197 0.272360 0.231837 0.419227
0 0.677967 0.475413 0.051118 0.063511
0 0.020651 0.243358 0.041302 0.092079
0 0.830698 0.530473 0.043993 0.066503
0 0.713280 0.693966 0.042474 0.072808
0 0.105745 0.793018 0.040523 0.058469
0 0.739774 0.714554 0.034691 0.065484
0 0.124256 0.835549 0.033276 0.059028
0 0.963633 0.022542 0.041202 0.045084
0 0.878075 0.118585 0.045675 0.066713
0 0.052582 0.946460 0.052307 0.091267
0 0.414371 0.430057 0.035113 0.065545
0 0.264086 0.598363 0.044985 0.076884
0 0.313808 0.709701 0.042215 0.077719
0 0.310526 0.918891 0.040763 0.068789
0 0.419309 0.156441 0.033253 0.063169
0 0.915216 0.205437 0.045734 0.066346
0 0.590904 0.219068 0.045248 0.079941
0 0.603324 0.586997 0.036490 0.064334
0 0.055906 0.842327 0.056105 0.080512
0 0.622037 0.246270 0.041689 0.074709
0 0.644076 0.177773 0.041558 0.071136
0 0.692513 0.641564 0.044392 0.073380
0 0.489270 0.765433 0.033961 0.059194
0 0.047926 0.666384 0.050075 0.119126
0 0.248187 0.391632 0.034348 0.057102
0 0.186022 0.284834 0.067007 0.099447
0 0.895786 0.819393 0.039196 0.061615
0 0.612272 0.230093 0.034283 0.070333
0 0.363097 0.447529 0.040706 0.074533
0 0.426506 0.397965 0.032560 0.036619
0 0.133392 0.361845 0.040944 0.073339
0 0.227160 0.201236 0.044318 0.078555
0 0.952063 0.882187 0.058938 0.106161
0 0.256069 0.162126 0.041672 0.052076
0 0.296612 0.903175 0.044386 0.080383
0 0.831547 0.291314 0.039427 0.077119
0 0.307734 0.431850 0.066381 0.103362
0 0.041249 0.923532 0.037238 0.065577
0 0.558746 0.689273 0.046738 0.078319
0 0.811985 0.333680 0.041465 0.072356
0 0.985392 0.559548 0.029215 0.075736
0 0.291401 0.872650 0.044979 0.077579
0 0.523005 0.641527 0.041921 0.073104
0 0.981319 0.020520 0.037362 0.041039
0 0.103838 0.386963 0.042648 0.062454
0 0.516727 0.691358 0.037493 0.067491
0 0.347835 0.682000 0.040264 0.058088
0 0.692069 0.226753 0.046484 0.075365
0 0.413947 0.538346 0.038714 0.070062
0 0.085740 0.520004 0.035995 0.061758
0 0.202123 0.378063 0.029109 0.043224
1 0.656649 0.276612 0.175577 0.345669
1 0.326662 0.641234 0.192741 0.327666
0 0.126782 0.414608 0.035584 0.073372
0 0.126447 0.346603 0.060126 0.121861
0 0.989638 0.713216 0.020724 0.065759
0 0.684374 0.313860 0.041135 0.070323
0 0.700916 0.304559 0.029316 0.052839
0 0.061234 0.107162 0.035441 0.061524
0 0.101858 0.295698 0.028855 0.054124
0 0.128941 0.317572 0.039590 0.056977
0 0.345434 0.485029 0.039370 0.050517
0 0.341722 0.427041 0.039546 0.077051
1 0.870990 0.837598 0.161597 0.311654
0 0.602628 0.826921 0.037277 0.062227
0 0.544157 0.669355 0.045669 0.088161
0 0.325722 0.425087 0.031866 0.065225
0 0.715904 0.732447 0.056318 0.070028
0 0.515315 0.609110 0.034272 0.058080
1 0.523572 0.524605 0.245417 0.383530
0 0.100057 0.677422 0.034534 0.054849
0 0.872901 0.880367 0.034722 0.054075
0 0.550690 0.146546 0.049787 0.069757
0 0.306124 0.429772 0.041375 0.063191
0 0.076614 0.061410 0.027241 0.050908
0 0.786305 0.318249 0.047690 0.073957
0 0.139014 0.339759 0.038011 0.059043
0 0.242301 0.215425 0.036411 0.050936
0 0.679116 0.333949 0.039434 0.063939
0 0.605091 0.165479 0.033573 0.050913
0 0.952791 0.872229 0.045342 0.052144
0 0.073547 0.145753 0.033985 0.052391
0 0.197177 0.301181 0.047254 0.054148
0 0.216119 0.187711 0.036130 0.065340
1 0.889959 0.583330 0.147951 0.305847
0 0.667878 0.473553 0.088057 0.103631
1 0.605632 0.749049 0.154634 0.292447
0 0.582636 0.085042 0.053219 0.080258
0 0.573833 0.776443 0.047976 0.087750
0 0.421856 0.452452 0.067455 0.121927
0 0.814272 0.789160 0.044598 0.095114
0 0.138232 0.423582 0.052871 0.101881
0 0.760759 0.767245 0.036138 0.059994
0 0.641307 0.213513 0.032838 0.046343
0 0.490113 0.716254 0.054668 0.097452
0 0.244995 0.174220 0.057460 0.074229
0 0.008698 0.260341 0.017395 0.114479
0 0.602308 0.763024 0.031396 0.055829
0 0.517351 0.666231 0.037478 0.038545
0 0.088226 0.425701 0.030506 0.046777
0 0.595273 0.125185 0.076386 0.141981
0 0.634655 0.271054 0.045040 0.074580
0 0.340774 0.465942 0.041777 0.073547
0 0.586749 0.123404 0.029558 0.049012
0 0.341512 0.500601 0.030449 0.055424
0 0.042368 0.874598 0.049316 0.061506
0 0.102659 0.501544 0.030465 0.054278
0 0.596956 0.142643 0.048364 0.095897
0 0.442530 0.335289 0.070470 0.066723
0 0.198201 0.332154 0.039709 0.055743
1 0.340510 0.482923 0.142520 0.279902
1 0.040684 0.117687 0.081369 0.235373
0 0.597787 0.235028 0.083599 0.122724
0 0.047699 0.905252 0.062932 0.165561
0 0.642604 0.325975 0.037500 0.055087
0 0.418935 0.488459 0.049531 0.079806
0 0.007203 0.226280 0.014406 0.098205
