0 0.564802 0.945556 0.032429 0.057498
1 0.885428 0.117762 0.153842 0.235524
0 0.806024 0.964694 0.040812 0.069688
1 0.317995 0.859170 0.153335 0.281660
0 0.328137 0.551106 0.044256 0.063503
1 0.080950 0.697882 0.161900 0.331562
1 0.252494 0.367579 0.178449 0.361545
1 0.548185 0.666918 0.144443 0.282595
1 0.712769 0.615286 0.144570 0.273383
0 0.284676 0.346000 0.036428 0.055776
0 0.473658 0.105895 0.023036 0.061079
0 0.472890 0.042820 0.021501 0.057433
0 0.425538 0.189911 0.029179 0.041935
0 0.401734 0.306427 0.022524 0.049228
0 0.623138 0.072001 0.036346 0.051051
0 0.580137 0.073652 0.015869 0.045582
0 0.526130 0.048445 0.014334 0.055609
0 0.427074 0.033687 0.026108 0.024614
0 0.311124 0.062266 0.018429 0.082047
0 0.294231 0.173312 0.018429 0.058344
0 0.602905 0.406586 0.016883 0.082678
0 0.656454 0.397190 0.029017 0.039460
0 0.591298 0.291963 0.022159 0.046976
0 0.610555 0.313573 0.023741 0.039460
0 0.605279 0.198481 0.026907 0.027246
0 0.608972 0.165127 0.020576 0.054492
0 0.867752 0.436181 0.022158 0.053553
0 0.826601 0.443697 0.015828 0.044158
0 0.828711 0.536710 0.022159 0.040400
0 0.818687 0.608584 0.029545 0.043218
0 0.883580 0.684216 0.015827 0.055432
0 0.847177 0.758438 0.048538 0.061069
0 0.837416 0.815279 0.031128 0.046976
0 0.844802 0.679048 0.027962 0.033823
0 0.778590 0.672002 0.021103 0.032883
0 0.641154 0.920451 0.021631 0.033823
0 0.659884 0.923740 0.018993 0.034763
0 0.671754 0.946758 0.024796 0.045097
0 0.465996 0.653898 0.018466 0.037581
0 0.485781 0.409152 0.028490 0.034763
0 0.419305 0.388012 0.017938 0.054492
0 0.460984 0.323185 0.024269 0.026307
0 0.373405 0.211851 0.028490 0.021609
0 0.221699 0.612559 0.014245 0.048855
0 0.183186 0.589540 0.017410 0.032883
0 0.196639 0.612089 0.017938 0.042279
0 0.043376 0.395059 0.018465 0.049795
0 0.077141 0.301576 0.023741 0.056371
0 0.072129 0.125415 0.017938 0.061069
0 0.080834 0.054481 0.037459 0.031944
0 0.029658 0.076090 0.023741 0.039460
0 0.029395 0.202926 0.021103 0.020670
0 0.084000 0.194470 0.015300 0.033823
0 0.065007 0.415258 0.017410 0.045097
0 0.121986 0.433579 0.020576 0.044158
0 0.108269 0.468342 0.013190 0.049795
0 0.073184 0.578266 0.031655 0.044158
0 0.043639 0.823952 0.033765 0.039460
0 0.096398 0.817845 0.020048 0.047916
0 0.075031 0.862942 0.026907 0.040400
0 0.080043 0.963941 0.034821 0.031944
0 0.126734 0.961123 0.027962 0.035702
0 0.156279 0.990426 0.039569 0.019147
0 0.193737 0.956895 0.029017 0.061069
0 0.218270 0.886900 0.028490 0.043218
0 0.171843 0.829589 0.023214 0.056371
0 0.214841 0.762883 0.023741 0.039460
0 0.176591 0.691479 0.016883 0.037581
0 0.214049 0.722953 0.030600 0.031004
0 0.957324 0.722681 0.024269 0.034762
0 0.931736 0.691677 0.017410 0.046037
0 0.948355 0.626850 0.022159 0.044158
0 0.964711 0.626850 0.026379 0.029125
0 0.902719 0.500014 0.012134 0.040400
0 0.962864 0.481223 0.034293 0.027246
0 0.966030 0.420624 0.029017 0.031944
0 0.918019 0.310229 0.014245 0.057311
0 0.788497 0.332308 0.026379 0.033823
0 0.800632 0.267951 0.023214 0.017851
0 0.770032 0.180575 0.016883 0.036641
0 0.841783 0.204063 0.022158 0.036642
0 0.977373 0.085070 0.024269 0.036641
0 0.693268 0.107149 0.022686 0.030065
0 0.694851 0.162111 0.029017 0.023488
0 0.697225 0.201571 0.013717 0.046037
0 0.773197 0.018342 0.009496 0.036685
0 0.745763 0.020691 0.033766 0.041382
0 0.679551 0.016933 0.025852 0.033866
0 0.535551 0.834757 0.019521 0.040400
0 0.581978 0.765232 0.020576 0.046037
0 0.447444 0.814557 0.012134 0.043218
0 0.463008 0.914616 0.020048 0.040400
0 0.481737 0.982910 0.032183 0.034179
0 0.418163 0.951258 0.029545 0.027246
0 0.402336 0.901933 0.030600 0.026307
0 0.395741 0.789190 0.022686 0.039460
0 0.390465 0.726241 0.024797 0.048856
0 0.441377 0.647321 0.032710 0.037581
0 0.339289 0.049096 0.027962 0.025367
0 0.390729 0.104058 0.028490 0.037581
0 0.478572 0.237471 0.026907 0.037581
0 0.456413 0.213513 0.017410 0.034762
0 0.355380 0.250155 0.018993 0.032883
0 0.246618 0.024783 0.023741 0.049566
0 0.265611 0.062719 0.020576 0.067646
0 0.033351 0.338272 0.024797 0.035702
0 0.014433 0.491415 0.028867 0.030065
0 0.007500 0.038564 0.013190 0.060130
0 0.153377 0.024001 0.045372 0.046037
0 0.247023 0.636987 0.015300 0.033823
0 0.257311 0.796706 0.014772 0.039460
0 0.259686 0.904751 0.023741 0.054492
0 0.188198 0.899114 0.023214 0.039460
0 0.157334 0.889249 0.029017 0.040399
0 0.423439 0.774157 0.031655 0.056371
0 0.977636 0.526375 0.025852 0.040400
0 0.911161 0.534831 0.026907 0.055432
0 0.886628 0.523557 0.014772 0.062948
0 0.944135 0.564896 0.029545 0.042279
0 0.869745 0.612342 0.032710 0.039460
0 0.788233 0.551273 0.021631 0.035702
0 0.768713 0.452153 0.023741 0.046037
0 0.752357 0.462487 0.011079 0.040400
0 0.650797 0.522147 0.015828 0.035702
0 0.643411 0.576170 0.016883 0.051674
0 0.629430 0.521208 0.021631 0.037581
0 0.741278 0.387325 0.019521 0.017851
0 0.755787 0.316391 0.025324 0.028186
0 0.775571 0.276461 0.012135 0.042279
0 0.908787 0.806571 0.025324 0.038521
0 0.493608 0.471938 0.010552 0.047916
0 0.530011 0.488379 0.018993 0.045097
0 0.723107 0.434826 0.015828 0.039460
0 0.835483 0.323962 0.026379 0.035702
0 0.849728 0.283093 0.016883 0.040399
0 0.476725 0.432008 0.015828 0.050734
0 0.445598 0.403352 0.025324 0.025367
0 0.352479 0.162636 0.021631 0.039460
1 0.184444 0.120091 0.134017 0.120548
1 0.134530 0.288128 0.051966 0.200913
1 0.702393 0.282040 0.100513 0.122983
