0 0.957084 0.310483 0.046425 0.060100
0 0.306682 0.019003 0.043171 0.038007
1 0.251712 0.252565 0.205110 0.300959
0 0.182900 0.043551 0.039365 0.048732
1 0.769950 0.515827 0.204379 0.263766
1 0.601487 0.216439 0.208190 0.278006
1 0.075884 0.598871 0.112257 0.103437
1 0.054711 0.160979 0.099623 0.121911
1 0.140342 0.652124 0.218013 0.301429
1 0.129238 0.284755 0.213280 0.285823
1 0.535919 0.285433 0.199644 0.322510
1 0.396601 0.629619 0.199538 0.324121
1 0.666538 0.346316 0.217273 0.305269
0 0.007238 0.027970 0.014476 0.043647
1 0.039348 0.300516 0.078697 0.094096
1 0.128554 0.539576 0.192441 0.293323
0 0.013465 0.031983 0.026930 0.055169
1 0.241866 0.589763 0.196806 0.360823
0 0.991262 0.556240 0.017476 0.044686
1 0.416273 0.100480 0.124811 0.200959
1 0.602562 0.720305 0.195809 0.274002
